npop : 175, iterasi: 10000
1.062500000 ,0.562500000 ,55.051813472 ,62.714425538 ,6771.596850731
0.875000000 ,0.437500000 ,45.336780311 ,140.254022471 ,6090.529791489
1.000000000 ,0.500000000 ,51.813465360 ,84.578702152 ,6410.091962772
0.875000000 ,0.437500000 ,45.336707121 ,140.256555024 ,6090.586595397
0.875000000 ,0.437500000 ,45.336761440 ,140.254203097 ,6090.531629850
1.000000000 ,0.500000000 ,51.813461943 ,84.578614523 ,6410.088296903
0.875000000 ,0.437500000 ,45.336744888 ,140.254373133 ,6090.533557062
0.875000000 ,0.437500000 ,45.336787404 ,140.253850734 ,6090.526284863
1.000000000 ,0.500000000 ,51.813471500 ,84.578526872 ,6410.086765992
1.000000000 ,0.500000000 ,51.813471418 ,84.578527547 ,6410.086776313
1.000000000 ,0.500000000 ,51.813471393 ,84.578527567 ,6410.086772922
0.812500000 ,0.437500000 ,42.098170071 ,176.641696254 ,6059.787312078
0.875000000 ,0.437500000 ,45.336755014 ,140.254184320 ,6090.530079083
0.812500000 ,0.437500000 ,42.098304315 ,176.644996949 ,6059.887022459
0.812500000 ,0.437500000 ,42.098445574 ,176.636596168 ,6059.714339040
0.812500000 ,0.437500000 ,42.098201166 ,176.639916636 ,6059.750927587
0.937500000 ,0.500000000 ,48.575126824 ,110.067814208 ,6370.783308671
0.875000000 ,0.437500000 ,45.336786301 ,140.253889876 ,6090.527167373
0.875000000 ,0.437500000 ,45.336787355 ,140.253848851 ,6090.526225867
0.812500000 ,0.437500000 ,42.098443409 ,176.636670149 ,6059.715705086
0.812500000 ,0.437500000 ,42.098445052 ,176.636611956 ,6059.714620491
0.812500000 ,0.437500000 ,42.098436351 ,176.637309045 ,6059.729456831
0.875000000 ,0.437500000 ,45.336772565 ,140.254000742 ,6090.527946621

hasil    : 6059.71433899  
 -0.00000000042
 -0.03588082922
 -0.00030479836
 -63.36340383200
 x* = 0.812500000 ,0.437500000 ,42.098445574 ,176.636596168
 ----------- hasil optimal masalah presure vessel --------------------

 hasil    : 6061.07785422  
 -0.00013856620
 -0.03594932236
 -116.42253928259
 -63.25350000000
 x* = 0.812500000 ,0.437500000,42.091266,176.746500
 --------- CPSO paper -------------

 hasil    : 6289.43470992  
 -0.03424873000
 -0.05280999400
 -304.40205158852
 -40.00000000000
 x* = 0.812500000 ,0.437500000,40.323900,200.0
 -------- Coello (2000) --------------------- referensi tertulis di paper CPSO 

 hasil    : 6059.94647941  
 -0.00002021860
 -0.03589082308
 -24.89975859504
 -63.34595000000
 x* =0.812500000 ,0.437500000,42.097398,176.654050
 ----------- Coello (2002) ------------------- referensi tertulis di paper CPSO