0.000000000 ,0.000000000 ,0.000000000 ,0.000000000 ,
0.000000000 ,1.000000000 ,0.000000000 ,0.000000000 ,
1.000000000 ,0.000000000 ,0.000000000 ,0.000000000 ,
1.000000000 ,0.000000000 ,0.000000000 ,0.000000000 ,
0.000000000 ,0.000000000 ,0.000000000 ,0.000000000 ,
0.000000000 ,1.000000000 ,0.000000000 ,0.000000000 ,

hasil optimal : 46.150000000
0.000000000 ,1.000000000 ,0.000000000 ,0.000000000 ,
0.000000000 ,0.000000000 ,0.000000000 ,0.000000000 ,
0.000000000 ,0.000000000 ,0.000000000 ,1.000000000 ,
1.000000000 ,0.000000000 ,0.000000000 ,0.000000000 ,
0.000000000 ,0.000000000 ,0.000000000 ,0.000000000 ,
0.000000000 ,1.000000000 ,0.000000000 ,0.000000000 ,

hasil optimal : 45.930000000
0.000000000 ,1.000000000 ,0.000000000 ,0.000000000 ,
0.000000000 ,0.000000000 ,1.000000000 ,0.000000000 ,
0.000000000 ,0.000000000 ,0.000000000 ,0.000000000 ,
0.000000000 ,0.000000000 ,0.000000000 ,0.000000000 ,
0.000000000 ,1.000000000 ,0.000000000 ,0.000000000 ,
1.000000000 ,0.000000000 ,0.000000000 ,0.000000000 ,

hasil optimal : 45.990000000
0.000000000 ,1.000000000 ,0.000000000 ,0.000000000 ,
0.000000000 ,0.000000000 ,0.000000000 ,0.000000000 ,
1.000000000 ,0.000000000 ,0.000000000 ,0.000000000 ,
0.000000000 ,0.000000000 ,0.000000000 ,0.000000000 ,
0.000000000 ,1.000000000 ,0.000000000 ,0.000000000 ,
0.000000000 ,1.000000000 ,0.000000000 ,0.000000000 ,

hasil optimal : 45.970000000
0.000000000 ,0.000000000 ,0.000000000 ,0.000000000 ,
0.000000000 ,1.000000000 ,0.000000000 ,0.000000000 ,
0.000000000 ,0.000000000 ,1.000000000 ,0.000000000 ,
0.000000000 ,0.000000000 ,1.000000000 ,0.000000000 ,
0.000000000 ,0.000000000 ,0.000000000 ,0.000000000 ,
0.000000000 ,1.000000000 ,0.000000000 ,0.000000000 ,

hasil optimal : 45.780000000
0.000000000 ,0.000000000 ,1.000000000 ,0.000000000 ,
0.000000000 ,0.000000000 ,0.000000000 ,0.000000000 ,
0.000000000 ,0.000000000 ,0.000000000 ,1.000000000 ,
1.000000000 ,0.000000000 ,0.000000000 ,0.000000000 ,
0.000000000 ,0.000000000 ,0.000000000 ,0.000000000 ,
0.000000000 ,0.000000000 ,1.000000000 ,0.000000000 ,

hasil optimal : 46.340000000
0.000000000 ,1.000000000 ,0.000000000 ,0.000000000 ,
0.000000000 ,0.000000000 ,0.000000000 ,0.000000000 ,
0.000000000 ,0.000000000 ,1.000000000 ,0.000000000 ,
1.000000000 ,0.000000000 ,0.000000000 ,0.000000000 ,
0.000000000 ,0.000000000 ,0.000000000 ,0.000000000 ,
0.000000000 ,0.000000000 ,0.000000000 ,1.000000000 ,

hasil optimal : 46.400000000
0.000000000 ,1.000000000 ,0.000000000 ,0.000000000 ,
0.000000000 ,0.000000000 ,0.000000000 ,0.000000000 ,
0.000000000 ,0.000000000 ,1.000000000 ,0.000000000 ,
1.000000000 ,0.000000000 ,0.000000000 ,0.000000000 ,
0.000000000 ,0.000000000 ,0.000000000 ,0.000000000 ,
1.000000000 ,0.000000000 ,0.000000000 ,0.000000000 ,

hasil optimal : 45.620000000
0.000000000 ,0.000000000 ,1.000000000 ,0.000000000 ,
0.000000000 ,0.000000000 ,0.000000000 ,0.000000000 ,
0.000000000 ,0.000000000 ,1.000000000 ,0.000000000 ,
0.000000000 ,0.000000000 ,0.000000000 ,0.000000000 ,
0.000000000 ,1.000000000 ,0.000000000 ,0.000000000 ,
0.000000000 ,1.000000000 ,0.000000000 ,0.000000000 ,

hasil optimal : 45.640000000
0.000000000 ,1.000000000 ,0.000000000 ,0.000000000 ,
0.000000000 ,0.000000000 ,

0.000000000 ,0.000000000 ,
0.000000000 ,0.000000000 ,1.000000000 ,0.000000000 ,

0.000000000 ,0.000000000 ,1.000000000 ,0.000000000 ,
0.000000000 ,0.000000000 ,

0.000000000 ,0.000000000 ,
0.000000000 ,1.000000000 ,0.000000000 ,0.000000000 ,

hasil optimal : 45.580000000
0.000000000 ,0.000000000 ,1.000000000 ,0.000000000 ,
0.000000000 ,0.000000000 ,0.000000000 ,0.000000000 ,
0.000000000 ,0.000000000 ,0.000000000 ,1.000000000 ,
1.000000000 ,0.000000000 ,0.000000000 ,0.000000000 ,
0.000000000 ,0.000000000 ,0.000000000 ,0.000000000 ,
0.000000000 ,0.000000000 ,1.000000000 ,0.000000000 ,

hasil optimal : 46.340000000
0.000000000 ,0.000000000 ,1.000000000 ,0.000000000 ,
0.000000000 ,0.000000000 ,0.000000000 ,1.000000000 ,
0.000000000 ,0.000000000 ,0.000000000 ,0.000000000 ,
1.000000000 ,0.000000000 ,0.000000000 ,0.000000000 ,
0.000000000 ,0.000000000 ,0.000000000 ,0.000000000 ,
0.000000000 ,1.000000000 ,0.000000000 ,0.000000000 ,

hasil optimal : 45.850000000
0.000000000 ,0.000000000 ,0.000000000 ,0.000000000 ,
0.000000000 ,1.000000000 ,0.000000000 ,0.000000000 ,
0.000000000 ,0.000000000 ,1.000000000 ,0.000000000 ,
1.000000000 ,0.000000000 ,0.000000000 ,0.000000000 ,
0.000000000 ,0.000000000 ,0.000000000 ,0.000000000 ,
1.000000000 ,0.000000000 ,0.000000000 ,0.000000000 ,

hasil optimal : 45.820000000
0.000000000 ,1.000000000 ,0.000000000 ,0.000000000 ,
0.000000000 ,0.000000000 ,0.000000000 ,0.000000000 ,
0.000000000 ,0.000000000 ,1.000000000 ,0.000000000 ,
1.000000000 ,0.000000000 ,0.000000000 ,0.000000000 ,
0.000000000 ,0.000000000 ,0.000000000 ,0.000000000 ,
1.000000000 ,0.000000000 ,0.000000000 ,0.000000000 ,

hasil optimal : 45.620000000
0.000000000 ,1.000000000 ,0.000000000 ,0.000000000 ,
0.000000000 ,0.000000000 ,0.000000000 ,0.000000000 ,
0.000000000 ,0.000000000 ,0.000000000 ,1.000000000 ,
1.000000000 ,0.000000000 ,0.000000000 ,0.000000000 ,
0.000000000 ,0.000000000 ,0.000000000 ,0.000000000 ,
0.000000000 ,1.000000000 ,0.000000000 ,0.000000000 ,

hasil optimal : 45.930000000
0.000000000 ,0.000000000 ,1.000000000 ,0.000000000 ,
0.000000000 ,0.000000000 ,0.000000000 ,0.000000000 ,
0.000000000 ,0.000000000 ,1.000000000 ,0.000000000 ,
0.000000000 ,0.000000000 ,0.000000000 ,0.000000000 ,
0.000000000 ,1.000000000 ,0.000000000 ,1.000000000 ,
0.000000000 ,0.000000000 ,0.000000000 ,0.000000000 ,

hasil optimal : 46.410000000
0.000000000 ,0.000000000 ,1.000000000 ,0.000000000 ,
0.000000000 ,0.000000000 ,0.000000000 ,0.000000000 ,
0.000000000 ,0.000000000 ,1.000000000 ,0.000000000 ,
0.000000000 ,0.000000000 ,0.000000000 ,0.000000000 ,
0.000000000 ,1.000000000 ,0.000000000 ,0.000000000 ,
0.000000000 ,1.000000000 ,0.000000000 ,0.000000000 ,

hasil optimal : 45.640000000
0.000000000 ,0.000000000 ,1.000000000 ,0.000000000 ,
0.000000000 ,0.000000000 ,0.000000000 ,0.000000000 ,
0.000000000 ,0.000000000 ,0.000000000 ,1.000000000 ,
1.000000000 ,0.000000000 ,0.000000000 ,0.000000000 ,
0.000000000 ,0.000000000 ,0.000000000 ,0.000000000 ,
0.000000000 ,1.000000000 ,0.000000000 ,0.000000000 ,

hasil optimal : 45.880000000
0.000000000 ,1.000000000 ,0.000000000 ,0.000000000 ,
0.000000000 ,0.000000000 ,0.000000000 ,0.000000000 ,
1.000000000 ,0.000000000 ,0.000000000 ,0.000000000 ,
1.000000000 ,0.000000000 ,0.000000000 ,0.000000000 ,
0.000000000 ,0.000000000 ,0.000000000 ,0.000000000 ,
0.000000000 ,1.000000000 ,0.000000000 ,0.000000000 ,

hasil optimal : 45.950000000
0.000000000 ,0.000000000 ,0.000000000 ,0.000000000 ,
0.000000000 ,1.000000000 ,0.000000000 ,0.000000000 ,
0.000000000 ,0.000000000 ,1.000000000 ,0.000000000 ,
1.000000000 ,0.000000000 ,0.000000000 ,0.000000000 ,
0.000000000 ,0.000000000 ,0.000000000 ,0.000000000 ,
0.000000000 ,1.000000000 ,0.000000000 ,0.000000000 ,

hasil optimal : 45.870000000
0.000000000 ,0.000000000 ,1.000000000 ,0.000000000 ,
0.000000000 ,0.000000000 ,0.000000000 ,1.000000000 ,
0.000000000 ,0.000000000 ,0.000000000 ,0.000000000 ,
0.000000000 ,0.000000000 ,0.000000000 ,0.000000000 ,
0.000000000 ,1.000000000 ,0.000000000 ,0.000000000 ,
0.000000000 ,1.000000000 ,0.000000000 ,0.000000000 ,

hasil optimal : 45.870000000


npop = 160 dan max = 5000
0.000000000 ,1.000000000 ,0.000000000 ,0.000000000 ,
0.000000000 ,0.000000000 ,
0.000000000 ,0.000000000 ,
0.000000000 ,0.000000000 ,1.000000000 ,0.000000000 ,

0.000000000 ,0.000000000 ,1.000000000 ,0.000000000 ,
0.000000000 ,0.000000000 ,

0.000000000 ,0.000000000 ,
0.000000000 ,1.000000000 ,0.000000000 ,0.000000000 ,

hasil optimal : 45.580000000