michael@debian:~/Documents/NNA$ ./NNA 
29.1984
  2.4855  2.20345   7.5088  5.39628 0.850428  1.20219  1.58591   9.8665  8.54072  7.61326
29.1984
-0.00000001
0.00000000
-0.00000000
-41.76476799
0.00000000
-0.00000000
-7.37243428
-44.02005399
24.3743
 2.15234  2.42132  8.77056  5.10474 0.953869  1.31979  1.27853  9.79107  8.25492  8.44926
24.3743
0.00000000
-0.00000000
0.00000000
-0.47861978
0.00000000
-0.00000000
-6.50820519
-50.29406019
24.6818
 2.25288  2.31314  8.51967  5.11559 0.956594  1.37358  1.39496   9.8453  8.34575    8.166
24.6818
0.00000000
-0.00000048
0.00000000
-8.56060435
0.00000000
-0.00000000
-6.42265514
-48.60726984
38.4744
 1.31922  3.08119  8.78263  5.09798 0.898636  1.42161 0.464778   9.5235  7.06149  9.45803
38.4744
0.00000000
-0.31151746
0.00000000
-0.00000000
-9.10176153
-0.00000000
-4.99411491
-41.10706440
25.2993
2.09528 2.54575 8.78944 5.05161 1.13053 1.69086 1.20858 9.72399 7.93469 8.00135
25.2993
0.00000000
-0.51109760
0.00000000
-0.00000000
-0.00527074
-0.00000000
-6.19401994
-46.96960647
29.0871
 2.42376  1.87498  8.42256  5.12081 0.656136  1.00047  1.71984  9.99972  8.77677  8.12187
29.0871
-1.09210217
-0.00000002
-0.00000025
-8.36534243
-0.00000788
-0.00000609
-5.13023216
-45.63402856
27.6697
 1.93165  2.93768  8.81064  5.04065  1.04966  1.47266 0.936377  9.48824  7.76556  8.62499
27.6697
-0.00000065
-1.12686775
-0.00000013
-0.00042175
-0.02390733
-0.00001829
-7.49775714
-47.88425885
27.8361
  1.7933   2.4516  8.77414  5.04316 0.922462   1.2909  1.06136  9.86143  7.80159  8.78238
27.8361
-0.00000000
-0.00000000
-0.00000000
-0.00000000
-6.69806982
-0.00000000
-4.68142180
-51.67458704
26.9049
2.23169 2.71187 7.91639  5.1348 1.02424 1.37153 1.16161 9.55542 8.14245 8.14126
26.9049
-0.00000000
-0.01470640
-0.00000000
-30.11204076
-0.00000000
-0.00000000
-8.26905963
-47.16914515
30.1041
 1.69481  2.70176  8.79712   5.0591 0.884263  1.17984  0.92503  9.72078  7.39222  8.40451
30.1041
-0.00000003
-0.94993390
-0.00285304
-0.00000000
-6.31839216
0.00000000
-5.58550606
-43.27275186
31.5939
 2.43388  1.78184  8.57027  5.23989 0.618217  1.00007  1.76965       10  8.39767   7.0405
31.5939
-1.66423936
0.00000000
-0.00000000
-3.27992484
-0.00000000
-0.00000000
-4.52216786
-43.99640055
24.6908
 2.24949  2.24742  8.61896  5.06963 0.918791  1.32244  1.42973  9.89491  8.32404  8.05955
24.6908
0.00000000
-0.00000000
0.00000000
-4.46216032
-0.00000000
-0.00000000
-6.11260944
-48.42085813
25.1069
2.28881 2.24403  8.4645 5.10959 1.00916  1.5356 1.45356 9.88726 8.30546 7.85245
25.1069
0.00000000
-0.00017810
0.00000000
-9.93529691
0.00000000
-0.00000000
-6.00468677
-47.24974896
27.996
 2.10346  2.94347  8.22814  5.31754  1.05714  1.43698 0.960008  9.41654  8.11001  8.80466
27.996
0.00000000
-0.00022907
-0.00000000
-21.77330173
-0.00000000
-0.00000000
-8.46722316
-50.13693906
25.8578
  2.0703  2.69238  8.68603  5.09229 0.918987  1.16044  1.08156  9.61129  7.84968  8.03538
25.8578
0.00000000
-0.00004552
0.00000000
-4.35848013
-0.00000000
-0.00000000
-7.62644933
-46.03312128
24.5046
 2.19332   2.3732  8.64889  5.02774 0.924746  1.27088  1.32823  9.81615  8.25533  8.23824
24.5046
-0.00000000
-0.00000004
-0.00000000
-3.90409524
-0.00000000
-0.00000000
-6.55371196
-49.22612852
25.7043
2.31811 2.10007 8.56417 5.12181 1.01688 1.64893  1.5502 9.98642 8.32995 7.65251
25.7043
0.00000000
-0.00000420
0.00000000
-5.61966264
0.00000000
-0.00000000
-5.18538021
-46.61508202
26.8645
  2.3121  2.07017  8.63577  5.11883 0.754868  1.05849  1.56233       10  8.16825  7.24241
26.8645
-0.08773282
0.00000000
0.00000000
-2.92810783
0.00000000
-0.00000000
-5.72442462
-44.87242546
24.9053
 2.24902  2.18149  8.75564  5.16978 0.899478  1.31737  1.46625  9.94392  8.26546  7.84907
24.9053
0.00000000
-0.00007045
-0.00000000
0.00000000
-0.00371372
-0.00000000
-5.73930605
-47.75598298
27.993
 1.87037  2.74462   8.8031  5.04291  0.94654  1.26531 0.940893  9.62423  7.51497  8.05057
27.993
-0.00000001
-0.00002632
-0.00000002
-0.00000655
-2.78012379
-0.00000003
-6.63934794
-42.67428919
total waktu komputasi 2107.065918 detik.