0.789319015 ,0.406430160 ,263.896147353
0.788802306 ,0.407888731 ,263.895856947
0.788558053 ,0.408579573 ,263.895855795
0.788651305 ,0.408315701 ,263.895844297
0.788734000 ,0.408081862 ,263.895850344
0.788770476 ,0.407978712 ,263.895852083
0.788855886 ,0.407737303 ,263.895868981
0.788743712 ,0.408054389 ,263.895849780
0.788550327 ,0.408601434 ,263.895856806
0.788850035 ,0.407753847 ,263.895868347
0.788556457 ,0.408586925 ,263.896139593
0.788535102 ,0.408644513 ,263.895858488
0.788623633 ,0.408394223 ,263.895869689
0.788863396 ,0.407716097 ,263.895872490
0.788784091 ,0.407940642 ,263.895896147

hasil    : 263.89584440  
x* = 0.788651305 ,0.408315701
 -0.0000000046
 -1.4640249868
 -0.5359750179
 --- npop : 195, max = 10000

 paper hasil    : 263.89577626  
 x* = 0.78867500,0.408248
 0.00000051
 -1.46410169
 -0.53589780